时间: 16:40:8	检测总数:50	踢废总数:27	踢废率:54%
错误类型		计数	相机01	相机02	相机03	相机04	相机05	相机06	相机07	相机08	相机09	相机10	相机11	相机12	相机13	相机14	相机15	相机16	相机17	相机18	相机19	相机20	相机21	相机22	相机23	相机24	相机25	相机26	相机27	相机28	相机29	相机30	相机31	相机32	相机33	相机34	相机35	相机36	相机37	相机38	相机39	相机40	相机41	相机42	相机43	相机44	相机45	相机46	相机47	相机48	相机49	相机50	相机51	相机52	
预处理区域错误	4		0		0		0		0		0		0		0		0		0		0		0		0		0		0		0		0		0		0		0		0		0		0		0		0		1		1		1		1		0		0		0		0		0		0		0		0		0		0		0		0		0		0		0		0		0		0		0		0		0		0		0		0		
横向尺寸错误	2		1		1		0		0		0		0		0		0		0		0		0		0		0		0		0		0		0		0		0		0		1		1		1		1		0		0		0		0		0		0		0		0		0		0		0		0		0		0		0		0		0		0		0		0		0		0		0		0		0		0		0		0		
纵向尺寸错误	2		0		0		0		0		0		0		0		0		0		0		0		0		0		0		0		0		0		0		0		0		0		0		0		0		0		0		0		0		1		1		0		0		0		0		0		0		0		0		0		0		0		0		0		0		0		0		0		0		0		0		0		0		
裂纹			6		0		0		0		0		0		0		0		0		0		0		0		0		0		0		0		0		0		0		0		0		0		0		0		0		1		2		1		2		0		0		0		0		0		0		0		0		0		0		0		0		0		0		0		0		0		0		0		0		0		0		0		0		
结石			15		0		0		0		0		0		0		0		0		0		0		0		0		0		0		0		0		0		0		0		0		0		0		0		0		4		3		4		4		0		0		0		0		0		0		0		0		0		0		0		0		0		0		0		0		0		0		0		0		0		0		0		0		
时间: 17:18:56	检测总数:50	踢废总数:27	踢废率:54%
错误类型		计数	相机01	相机02	相机03	相机04	相机05	相机06	相机07	相机08	相机09	相机10	相机11	相机12	相机13	相机14	相机15	相机16	相机17	相机18	相机19	相机20	相机21	相机22	相机23	相机24	相机25	相机26	相机27	相机28	相机29	相机30	相机31	相机32	相机33	相机34	相机35	相机36	相机37	相机38	相机39	相机40	相机41	相机42	相机43	相机44	相机45	相机46	相机47	相机48	相机49	相机50	相机51	相机52	
预处理区域错误	4		0		0		0		0		0		0		0		0		0		0		0		0		0		0		0		0		0		0		0		0		0		0		0		0		1		1		1		1		0		0		0		0		0		0		0		0		0		0		0		0		0		0		0		0		0		0		0		0		0		0		0		0		
横向尺寸错误	2		1		1		0		0		0		0		0		0		0		0		0		0		0		0		0		0		0		0		0		0		1		1		1		1		0		0		0		0		0		0		0		0		0		0		0		0		0		0		0		0		0		0		0		0		0		0		0		0		0		0		0		0		
纵向尺寸错误	2		0		0		0		0		0		0		0		0		0		0		0		0		0		0		0		0		0		0		0		0		0		0		0		0		0		0		0		0		1		1		0		0		0		0		0		0		0		0		0		0		0		0		0		0		0		0		0		0		0		0		0		0		
裂纹			6		0		0		0		0		0		0		0		0		0		0		0		0		0		0		0		0		0		0		0		0		0		0		0		0		1		2		1		2		0		0		0		0		0		0		0		0		0		0		0		0		0		0		0		0		0		0		0		0		0		0		0		0		
结石			15		0		0		0		0		0		0		0		0		0		0		0		0		0		0		0		0		0		0		0		0		0		0		0		0		4		3		4		4		0		0		0		0		0		0		0		0		0		0		0		0		0		0		0		0		0		0		0		0		0		0		0		0		
Time:  17:21:27	Product Number:  0	Reject Number:  0	Reject Rate:  0%
The statistical results		Count	相机01	相机02	相机03	相机04	相机05	相机06	相机07	相机08	相机09	相机10	相机11	相机12	相机13	相机14	相机15	相机16	相机17	相机18	相机19	相机20	相机21	相机22	相机23	相机24	相机25	相机26	相机27	相机28	相机29	相机30	相机31	相机32	相机33	相机34	相机35	相机36	相机37	相机38	相机39	相机40	相机41	相机42	相机43	相机44	相机45	相机46	相机47	相机48	相机49	相机50	相机51	相机52	
